[QUANTITY]
Coke = 1.000000
Water = 1.000000
Waterjuice = 0
WhiskyCola = 1.000000
WhiskySour = 0
Caipirinha = 2.000000    

[Total amount]
AMOUNT = 14.000000